7770521 99595293
150002192 99595293
25764731 99595293
159168549 99595293
163448280 99595293
72261985 99595293
115722895 99595293
59030965 99595293
93014380 99595293
48269395 99595293
32315608 99595293
109733784 68762103
205338521 68762103
82395125 68762103
185440780 68762103
15423207 68762103
199176231 68762103
17162004 68762103
103003450 68762103
327915 68762103
161347475 68762103
2028254 68762103
199917685 68762103
170876435 68762103
215474895 68762103
184997925 68762103
202245800 68762103
40656742 68762103
136529522 68762103
52923416 68762103
19642134 68762103
27563502 68762103
54833651 68762103
156163411 68762103
29789503 68762103
3300776 68762103
32550729 68762103
115882174 68762103
157655495 68762103
11538466 68762103
440815 68762103
90430242 68762103
116631779 68762103
1805807 68762103
123770342 84435191
20607274 84435191
96504223 84435191
178406235 84435191
5275668484435191
86242661 84435191
24344941 84435191
214288447 84435191
130179936 84435191
96295115 84435191
107142358 84435191
213068457 84435191
112533308 84435191
140767422 84435191
157160338 84435191
151099241 84435191
148107338 84435191
189018881 84435191
138857955 84435191
147898290 84435191
54053855 84435191
164649790 84435191
63725455 84435191
210396702 84435191
193151765 84435191
96082513 84435191
176386297 84435191
32516568 84435191
